[38;2;214;93;14m[48;2;214;93;14;38;2;251;241;199m󰕈 runner [48;2;215;153;33;38;2;214;93;14m[38;2;251;241;199m …/ws [48;2;104;157;106;38;2;215;153;33m[38;2;251;241;199m  main ? [48;2;69;133;136;38;2;104;157;106m[48;2;102;92;84;38;2;69;133;136m[48;2;60;56;54;38;2;102;92;84m[38;2;251;241;199m  10:09 [0m[38;2;60;56;54m [0m
[1;38;2;152;151;26m[0m cd ~/.x-cmd.root; ls
X  bin  global  local  v

[38;2;214;93;14m[48;2;214;93;14;38;2;251;241;199m󰕈 runner [48;2;215;153;33;38;2;214;93;14m[38;2;251;241;199m ~/.x-cmd.root [48;2;104;157;106;38;2;215;153;33m[48;2;69;133;136;38;2;104;157;106m[48;2;102;92;84;38;2;69;133;136m[48;2;60;56;54;38;2;102;92;84m[38;2;251;241;199m  10:09 [0m[38;2;60;56;54m [0m
[1;38;2;152;151;26m[0m false

[38;2;214;93;14m[48;2;214;93;14;38;2;251;241;199m󰕈 runner [48;2;215;153;33;38;2;214;93;14m[38;2;251;241;199m ~/.x-cmd.root [48;2;104;157;106;38;2;215;153;33m[48;2;69;133;136;38;2;104;157;106m[48;2;102;92;84;38;2;69;133;136m[48;2;60;56;54;38;2;102;92;84m[38;2;251;241;199m  10:09 [0m[38;2;60;56;54m [0m
[1;38;2;204;36;29m[0m true

[38;2;214;93;14m[48;2;214;93;14;38;2;251;241;199m󰕈 runner [48;2;215;153;33;38;2;214;93;14m[38;2;251;241;199m ~/.x-cmd.root [48;2;104;157;106;38;2;215;153;33m[48;2;69;133;136;38;2;104;157;106m[48;2;102;92;84;38;2;69;133;136m[48;2;60;56;54;38;2;102;92;84m[38;2;251;241;199m  10:09 [0m[38;2;60;56;54m [0m
[1;38;2;152;151;26m[0m echo "Mission Accomplished"
Mission Accomplished
